loss,accuracy,val_loss,val_accuracy
0.6922913193702698,0.5,0.6928077936172485,0.4117647111415863
0.6887140274047852,0.5,0.6934438347816467,0.4117647111415863
0.684994101524353,0.5,0.6939817070960999,0.4117647111415863
0.6809681057929993,0.5,0.6949470043182373,0.4117647111415863
0.6760795712471008,0.5,0.696096658706665,0.4117647111415863
0.6704966425895691,0.5,0.6972949504852295,0.4117647111415863
0.6632329821586609,0.5,0.6985085606575012,0.4117647111415863
0.6547290086746216,0.5,0.7000378370285034,0.4117647111415863
0.646396815776825,0.5,0.7020710110664368,0.4117647111415863
0.6380130052566528,0.5,0.7041971683502197,0.4117647111415863
0.6282281279563904,0.5,0.7053278684616089,0.4117647111415863
0.6211447715759277,0.5,0.7055630087852478,0.4117647111415863
0.6146200895309448,0.5,0.7040074467658997,0.4117647111415863
0.60743248462677,0.5249999761581421,0.7010348439216614,0.4117647111415863
0.6037569642066956,0.5249999761581421,0.6977620124816895,0.4117647111415863
0.5976746678352356,0.5249999761581421,0.6927827000617981,0.4117647111415863
0.592345118522644,0.5249999761581421,0.6871106624603271,0.4117647111415863
0.5870517492294312,0.550000011920929,0.6824087500572205,0.4117647111415863
0.5820024013519287,0.5249999761581421,0.6790626645088196,0.4117647111415863
0.573769748210907,0.574999988079071,0.6766005158424377,0.4117647111415863
0.5674905180931091,0.550000011920929,0.675132691860199,0.4117647111415863
0.5577733516693115,0.6000000238418579,0.667091429233551,0.4117647111415863
0.5518590211868286,0.699999988079071,0.657427966594696,0.47058823704719543
0.5433712005615234,0.7749999761581421,0.6492467522621155,0.4117647111415863
0.5344937443733215,0.800000011920929,0.6396323442459106,0.3529411852359772
0.5272630453109741,0.800000011920929,0.6336453557014465,0.3529411852359772
0.5177841782569885,0.8500000238418579,0.6325324177742004,0.3529411852359772
0.5080822706222534,0.8500000238418579,0.632201611995697,0.3529411852359772
0.5004714131355286,0.8500000238418579,0.6282211542129517,0.3529411852359772
0.4915945529937744,0.824999988079071,0.6211873888969421,0.4117647111415863
0.4833105206489563,0.824999988079071,0.6167088747024536,0.4117647111415863
0.47567588090896606,0.824999988079071,0.6110323667526245,0.4117647111415863
0.46641096472740173,0.800000011920929,0.6063265800476074,0.47058823704719543
0.45625486969947815,0.824999988079071,0.6027246117591858,0.529411792755127
0.44473379850387573,0.824999988079071,0.6015622615814209,0.5882353186607361
0.43004584312438965,0.824999988079071,0.614013671875,0.5882353186607361
0.4173095226287842,0.8500000238418579,0.6265829205513,0.5882353186607361
0.4058515429496765,0.8500000238418579,0.5943668484687805,0.5882353186607361
0.3910447955131531,0.8500000238418579,0.5359877347946167,0.7058823704719543
0.384778767824173,0.875,0.5168328285217285,0.7058823704719543
0.3843539357185364,0.824999988079071,0.5254796743392944,0.7058823704719543
0.36919254064559937,0.875,0.5978335738182068,0.5882353186607361
0.35165274143218994,0.8500000238418579,0.7070594429969788,0.5882353186607361
0.3460032343864441,0.8500000238418579,0.8294844031333923,0.5882353186607361
0.34457892179489136,0.8500000238418579,0.9554786682128906,0.5882353186607361
0.3377116918563843,0.8500000238418579,1.037960171699524,0.5882353186607361
0.330906480550766,0.8500000238418579,1.0088294744491577,0.5882353186607361
0.31218910217285156,0.8500000238418579,0.9576783776283264,0.5882353186607361
0.3003178536891937,0.875,0.9593381285667419,0.5882353186607361
0.2998022437095642,0.875,1.1005957126617432,0.5882353186607361
0.2803724706172943,0.875,1.60121488571167,0.529411792755127
0.27756500244140625,0.8999999761581421,2.3673171997070312,0.529411792755127
0.2958369851112366,0.8500000238418579,2.241584300994873,0.5882353186607361
0.2698443531990051,0.8999999761581421,1.573204517364502,0.5882353186607361
0.26520463824272156,0.8999999761581421,1.6968446969985962,0.5882353186607361
0.2550514340400696,0.8999999761581421,2.6657721996307373,0.5882353186607361
0.24758176505565643,0.8999999761581421,3.7256007194519043,0.529411792755127
0.3064228892326355,0.8999999761581421,2.8226962089538574,0.5882353186607361
0.25780782103538513,0.875,1.147859811782837,0.5882353186607361
0.2766551673412323,0.875,0.7830126881599426,0.6470588445663452
